7.0 43.0831 -73.7846 13.6
5.9 43.0831 -73.7846 13.6
5.7 43.0831 -73.7846 13.6
5.5 43.0831 -73.7846 13.6
5.3 43.0831 -73.7846 13.6
5.1 43.0831 -73.7846 13.6
3.9 43.0831 -73.7846 13.6
2.5 43.0831 -73.7846 13.6
1.9 43.0831 -73.7846 13.4
1.7 43.0831 -73.7846 13.5
9.5 43.0831 -73.7846 13.6
9.3 43.0831 -73.7846 13.6
8.1 43.0831 -73.7846 13.6
7.9 43.0831 -73.7846 13.6
7.5 43.0831 -73.7846 13.6
7.1 43.0831 -73.7846 13.6
6.7 43.0831 -73.7846 13.6
6.3 43.0831 -73.7846 13.6
5.9 43.0831 -73.7846 13.6
5.5 43.0831 -73.7846 13.6
5.1 43.0831 -73.7846 13.6
4.6 43.0831 -73.7846 13.6
4.2 43.0831 -73.7846 13.6
4.8 43.0831 -73.7846 13.6
4.4 43.0831 -73.7846 13.6
3.0 43.0831 -73.7846 13.6
3.6 43.0831 -73.7846 13.6
2.2 43.0831 -73.7846 13.6
1.5 43.0831 -73.7846 13.6
1.2 43.0831 -73.7846 13.6
0.8 43.0831 -73.7846 13.6
0.6 43.0831 -73.7846 13.6