5 43.0831 -73.7846 13.6
4.9 43.0831 -73.7846 13.6
4.7 43.0831 -73.7846 13.6
4.5 43.0831 -73.7846 13.6
4.3 43.0831 -73.7846 13.6
4.1 43.0831 -73.7846 13.6
3.9 43.0831 -73.7846 13.6
2.5 43.0831 -73.7846 13.6
1.9 43.0831 -73.7846 13.6
1.7 43.0831 -73.7846 13.6
1.5 43.0831 -73.7846 13.6
1.3 43.0831 -73.7846 13.6
1.1 43.0831 -73.7846 13.6
0.9 43.0831 -73.7846 13.6
9.5 43.0831 -73.7846 13.6
9.1 43.0831 -73.7846 13.6
8.7 43.0831 -73.7846 13.6
8.3 43.0831 -73.7846 13.6
7.9 43.0831 -73.7846 13.6
7.5 43.0831 -73.7846 13.6
7.1 43.0831 -73.7846 13.6
6.6 43.0831 -73.7846 13.6
6.2 43.0831 -73.7846 13.6
5.8 43.0831 -73.7846 13.6
5.4 43.0831 -73.7846 13.5
5 43.0831 -73.7846 13.6
4.6 43.0831 -73.7846 13.6
3.2 43.0831 -73.7846 13.6
2.5 43.0831 -73.7846 13.6
2.2 43.0831 -73.7846 13.6





